clear all;
close all;

joints_dim = 7;

contexts.start_joints = [-0.37275733103,-0.415325297845,0.192131093463,1.27051958611,-0.23009711792,0.749733109222,-1.41164581844]';
contexts.obstacles = [0.676, 0.49, 0.04]';

target = [-1.34836911101,-0.519252496106,0.24888838255,1.58958758963,-0.441019476013,0.488572880383,-2.19934495212]';

num_obst = size(contexts.obstacles,2);
weights = [10+zeros(1, joints_dim), 10, zeros(1,5*num_obst), 0, 0]';



